-31.0011024555727275 -67.5961692444091824 1.7547393000048292 -0.8523177307772242
69.5139950510202596 27.567665299678609 -0.7521320241128544 1.7705594002838632
-69.6895235158401506 24.8317582349591426 -0.6397442660194222 -1.7997036008173286
41.186870689526323 62.8088904619145226 -1.6128483576342162 1.0104349579439809
-65.9486515932009496 35.6001059593965366 -0.951910508045809 -1.6650485870938476
64.078323266041906 34.873518312028871 -0.9352283678653234 1.679259183066221
42.0962805629645729 62.1653620810999712 -1.6280824703700546 0.990429679447931
68.1340500339547504 28.6842117608238994 -0.78633422998758 1.7624839625884806
-17.3142742010976818 73.279658870431021 -1.88744599948931 -0.2719259471669568
49.7146229183995346 60.4668687817404944 -1.4571070851687112 1.2687409743312277
-73.2165286170719298 10.4279087624105405 -0.2455438220305693 -1.9023262249544
-72.6923766212394896 -4.6863896312102842 0.1104367770870853 -1.903852492839398
-71.3556803288698518 -3.3702152729446504 0.0706461730298234 -1.9372255195008472
-33.6778928417247628 -67.5028703064606362 1.7206763638613196 -0.7840687072289352
59.1352433538208189 48.3072178557619054 -1.2048550140589165 1.4851011376688604
-0.8918843416054014 -72.3318543352185373 1.9261681944663092 -0.0144551854990075
1.53971943746631 -76.0758691056758067 1.9066868018715034 -0.0224728583468606
67.6559735253723602 29.6978022988988926 -0.7606979965359326 1.7659325132960328
-17.887743485277806 74.24715895305728 -1.9297811282022608 -0.2154875048388276
2.6044518319438934 -77.1431645611576897 1.9140273346982384 -0.033183285744015
2.1653722461799983 -71.4287621692492962 1.9129198563300584 0.0291481429330078
37.642979156204497 64.0225164488256979 -1.6900093901467976 0.9457993360802106
-27.6306920807015644 -73.4814756992240774 1.8160684605927784 -0.6973626962424518
3.4673517038087144 -78.3228664553081871 1.8999121361391046 -0.0395729496177967
-76.7758689677231986 15.8313371526513436 -0.2988086156406302 -1.915487924919518
-31.3378829452176398 69.6344108443761486 -1.7567748803082234 -0.718333755652815
-21.0866924740265596 -75.4608992410036734 1.8726278596456062 -0.4167890190317579
-18.0419737418907928 70.813486763154316 -1.8648292016931008 -0.2729434024195449
-73.6523519457975624 5.2641199144272655 -0.1624592379419299 -1.922555921458432
-5.3778262426234536 77.090100445174258 -1.8989183634183596 -0.1137365591042908
2.1083825862167887 -73.885790878282009 1.9235824755649144 -0.010736658816974
-72.099941787532444 17.976874667575487 -0.4073698839002547 -1.8824527200489506
-28.2496078872090628 -68.6140550008545632 1.7914807541998584 -0.7343241203869728
55.140989912315689 53.3421081991471127 -1.3718186421299637 1.3170581109916591
44.7413636687033148 61.6976548652829636 -1.5519445052156098 1.1186348832541588
-33.7666166359945096 -66.401250743981521 1.6460693168300516 -0.897249595546664
-19.6927809414555632 76.0317559802200975 -1.8815080000663904 -0.3570617503166831
-6.0677495490841702 74.8924590122662012 -1.8963731846185112 -0.1186545675023182
-29.1778141687641437 72.6397856885350138 -1.7386438140595954 -0.783610685970759
63.7439094222811846 45.6118005518599362 -1.1100858138653054 1.5548121150714502
2.1571538426233112 76.1362144635783977 -1.899649854438202 -0.0282939571249606
56.5927942081075628 50.6101128314581814 -1.3208213015084329 1.3613625265259055
-21.9481224726019874 74.2970226450972575 -1.8464732667780964 -0.5785021154262606
-71.4724713853646848 31.8886272010820236 -0.7633735900864046 -1.760033354121901
46.3634175238379456 57.0731651065378571 -1.4650151669999154 1.2343299909307881
49.4579608088406034 52.0493855125196632 -1.3584628872063731 1.3370625792707562
-69.9410825806575218 30.0572096526779404 -0.7493685731695036 -1.7562445420121032
-71.8763822221220182 30.8390822801967808 -0.7917754066845094 -1.7645463503986092
52.7335052909609772 52.80532869114424 -1.4208599142193239 1.3049780201641941
-74.4399461855127243 -8.0771259125143793 0.1963551867141883 -1.9041847951436972
70.5526960767387834 33.8675947909389166 -0.782273334123373 1.7513556460900358
72.5384872115077712 24.8070440876548766 -0.770247262487172 1.7539586488513192
-68.4021881570284194 37.9413673379511422 -0.9785025628817774 -1.656038685974068
-76.4997562805722708 -0.46009006109711 -0.0064054225012688 -1.8909805799460264
72.6962292023384436 28.6594197180843616 -0.775918403679951 1.7517951470358646
-0.4971725521873592 75.1941527280891649 -1.9432284425572704 0.0217178625803833
71.0477907530199673 32.8437022846838644 -0.7803832917571042 1.7656067147686958
57.4513962360999386 49.8921807966727756 -1.3129878729245186 1.4263509857614911
-31.2187601143919267 70.8283210199569312 -1.7667799625323054 -0.8589576795754614
-71.3583225905618974 1.0343217946434171 -0.1854659576638348 -1.9095678731199016
70.6991702323953462 24.1625459412258792 -0.7558012636234258 1.7635450998663774
-75.0188092910205739 -5.4595232575821672 -0.0223901925379391 -1.8798241054065338
48.0829627263152375 51.7641097837197678 -1.4173555691325264 1.3026585723890689
-78.4047280548413284 -6.4751642478410246 0.1480333671706138 -1.9037563590791584
47.934397259768403 53.6962945238927034 -1.4225132275619734 1.2885068541565836
-77.2442562323008417 7.0858176913918509 -0.1654026101951545 -1.8979905148591416
-77.3284520940189282 13.4522911030520902 -0.2638122150591789 -1.8948258105304592
-29.9962644404467368 -71.3240567755816812 1.7836798179493238 -0.7083226128638884
-64.812239696589927 35.5272488583384956 -0.9838375605378356 -1.6556876349627508
-9.4225224256473279 74.6093711106293256 -1.895612110140518 -0.2121128124141304
-20.2397320343033265 73.599853221795911 -1.8671732682918552 -0.3977999125540013
-15.3090340449776807 76.9531752043770468 -1.878048414734528 -0.3127275183138238
-70.2684651471818001 26.175971923871348 -0.6464811504957678 -1.804230638170223
61.5622989173703986 46.5948191073946206 -1.1364864307263649 1.6015037320046366
-20.3398520382128396 72.4850513950788838 -1.8401632253743588 -0.4748448288049338
-39.9141320974814136 -67.4247453301923372 1.5534346451919104 -1.1234005336480981
-8.701257560845999 76.7302896251703856 -1.9017575088251648 -0.1509491875667728
-11.2476741241527503 72.2575584786952732 -1.9055229554253872 -0.3270431440609118
60.9584512141712552 35.0022185227966958 -0.988238519014386 1.6503914658605968
60.3855284979227278 40.7950904837900978 -1.0682742275532695 1.6011579025589922
-4.665767763581381 72.3985434535073722 -1.898216293923686 -0.0957615943510818
-72.8047655743032038 19.9359994898045904 -0.4298064809567476 -1.8286318400703686
-40.0739420529930968 -66.0052176930084045 1.6003116336243428 -1.0371984779087149
2.5831432403481386 75.1048449747337656 -1.9193124557590892 0.0168307757220701
-74.0701920737153898 22.6369553921802442 -0.5051416273751836 -1.8520586625354456
37.2929861614921308 69.0652124471853313 -1.7293617083817978 0.8473969378736256
-3.445680191884843 -74.2806842192874513 1.9080991951838938 -0.1032958449187184
-76.2413974074823102 1.7472287144593538 -0.0571841147538329 -1.9240132949619544
45.4531352636335556 57.9636210551153752 -1.4535011467747364 1.2980496930318373
64.966085713826942 43.7108982946744292 -1.0432839146781352 1.6168054687408004
-78.4045894890783473 -4.269983052688187 -0.0699780573289197 -1.9292507111037112
-72.1077745459765254 22.1062523361120817 -0.4679760549451958 -1.88475300907304
-69.5321128092544712 34.0134746856846704 -0.7956151979641074 -1.728125002230358
-78.2464789199125903 -5.3754424886782628 -0.014270522314145 -1.9047998575578772
-7.7177614343089598 73.6755422014204414 -1.9010662295782408 -0.1182842503874929
55.7600101815350372 51.359411055128895 -1.3753049796303745 1.3509895186950438
-8.646956448740145 77.852134910185967 -1.8889468092323168 -0.3335023881457411
64.3099092297974835 38.98816773220085 -1.031101466825459 1.6252571848416638
-77.4964004491341428 12.2410030042039164 -0.2400429831031627 -1.9158161857139504
-77.0250782958840574 8.1920122290008894 -0.2064592694806297 -1.9670274599637716
-39.5247740360790162 -61.5376081196051246 1.616923669259961 -1.1039128552376061
66.0905378787973348 30.7868820656079906 -0.9059247700940452 1.7132792157674924
-71.7100443779939526 23.1541495498483876 -0.5714374829478334 -1.8714309303865778
-71.7303171799705126 20.1838339393684763 -0.4974061519827772 -1.8486864698273616
-17.8081410654366472 -73.1155673485738618 1.8681034404490988 -0.3782336792228219
-21.973267771992301 71.8384113764235224 -1.861812225916208 -0.4528361184122218
0.9450030505194098 -78.2029000976195334 1.944595102012592 -0.0263977808893973
-76.2704429569396752 13.8403740674058434 -0.3367722421527266 -1.8886063558447278
-75.4708432563960372 -7.634182977997086 0.1703141648947134 -1.9442633065996744
-18.1916646933637054 71.9678246054606774 -1.8642059768062086 -0.397577005914382
-66.9414058020178828 36.1357855728360349 -0.9101832405681008 -1.685321793040233
-27.224303792777139 -69.0564474394097658 1.7731516514668626 -0.7306810913998406
-76.3372157227537258 -2.7503459015111522 -0.0691420961088494 -1.9196308575767146
-31.680202198656044 -68.4868774564648534 1.7459797561219702 -0.7774785706453056
-72.5493748551204902 28.6952650064961396 -0.6718890068309912 -1.7982828696841614
-34.0918731150678198 -70.7503534096929344 1.725474190005272 -0.770331203285336
-5.2596462459794342 78.2170864686215452 -1.9092122156946672 -0.210288809650148
-75.3792903412219318 12.8996520161870976 -0.2643534828590725 -1.8558841206839286
-77.5628859706208972 -1.7879545457723306 0.0876060248341015 -1.9222056678149248
-22.2437758992948709 -71.7617389642788198 1.8743827504515532 -0.4159172539712204
38.3928014578940733 68.4043218658186305 -1.694670216811841 0.9416955683812902
-74.4360952539665277 24.6125282113804076 -0.6160598904406344 -1.82706494027788
4.2111903400854463 -73.9162077003985018 1.9213075967672988 0.037757002963351
66.2010763128672721 41.8330774092599428 -1.0217346147271555 1.6387839727541854
2.2371605951253604 74.0469104100367872 -1.8990178290330838 0.0346493550302637
35.9871478650528686 63.9895207260513458 -1.7146654548417474 0.9247744492818844
40.4524592228276206 67.1622533720208566 -1.7054306081644026 0.9095776992850468
70.0871255888037581 32.1648130610322554 -0.8020080134292568 1.7443371941154212
71.576586180377575 31.8425408114169636 -0.7945366933905864 1.7462268331456442
60.909899494815427 47.5299982106905858 -1.1465549281615726 1.5495651282211294
-74.8131825477445318 23.5202600557909244 -0.4736206173749142 -1.8772079561264088
-64.8320027612456614 42.175326661732889 -1.0100401257116485 -1.6006020936966228
4.6715696036243496 77.5395671592981018 -1.9049533731920308 0.0695651836185358
-75.1511415093325326 22.3769884336922331 -0.496307045678654 -1.8993443143425912
55.2632811153320489 46.2352339370919268 -1.2570147529008715 1.434928655353247
-14.2553295514314353 76.0372427837529159 -1.9022096970249424 -0.2927839752480805
64.8611138937964428 39.967983537783411 -0.9659509886952112 1.6522738454950646
1.3089131797619218 77.4324930255439057 -1.9452940527632384 -0.0399025221390484
60.7209054326732982 42.403887613449939 -1.0828016272224461 1.584199298667015
44.0011921883406245 63.4022890352988782 -1.5458423701654532 1.0924663593108961
-41.748975352697066 -64.7382871721773512 1.5536059787125494 -1.1545276864187564
-26.1520107215877396 -69.3815064515091678 1.80104809308743 -0.7092066267495692
2.6015699424588062 78.3402290070703771 -1.881322732632452 0.0259991088626204
-77.7743004106418568 10.7541215674096566 -0.2656054030919119 -1.8989685954784072
69.6547889726613648 33.1908292976034218 -0.7406027142252812 1.7586713986756324
-67.9013879048064126 18.9434685026933992 -0.4237785252201304 -1.898243126756712
-78.2963626724860689 7.436033278829294 -0.1605377759048274 -1.8918194689667128
58.5743590756931028 47.336668367358449 -1.1950636338388141 1.5087702171582714
2.512705388922953 72.9637486121431352 -1.8988359805723024 0.0954962612402211
-76.2926482341561609 -8.3773518143494865 0.1785476469926032 -1.9220534375213704
-78.2175411248553019 -8.6936136616323482 0.2480551797288666 -1.8775903261579666
0.994893421855594 -73.7529142912659098 1.9319598313048208 -0.0458281394398919
47.6461493122367444 60.8146488648881488 -1.4486299916277996 1.2462781940137742
-15.4062980294309249 -73.2294422605864384 1.8283502394123882 -0.5041733982777494
-67.5372550958565512 35.1847398492621864 -0.8939435412118936 -1.7087402107837136
-1.9196230950195702 73.46231947914778 -1.8989365194243 -0.0031787448655287
67.3742116839763838 32.8784049348942916 -0.7768125277840056 1.761278855580107
-26.2030086933224205 70.3895112965552557 -1.8226244440398266 -0.6083566358426354
-29.2642987647313042 69.0064806086448357 -1.7648983786746224 -0.6682520198234702
61.9604796307123706 38.8592270260929952 -1.0475303180274214 1.5870616822138754
-28.9902488930778474 67.9174694028559288 -1.7626134296187684 -0.7242842516889576
-74.9345233433124064 19.3246285339662514 -0.485386123276692 -1.86421364647604
7.1179976820436091 -76.3135685425155259 1.932608907602688 0.1824890018290653
-69.794783061169568 20.0290468753431803 -0.4385009054243081 -1.8663962329135044
-32.225581876589132 70.3062322617918625 -1.7840827619430304 -0.762435541895915
51.939768752126703 57.1856753622052452 -1.4265286154723713 1.2533432065130037
67.2211744553483328 26.9098895598537346 -0.7890329897536006 1.7532346485876292
7.8579018271951774 -77.1348882639004359 1.9447575339375204 0.3155917400763673
-6.5667652057679718 72.2897478380421888 -1.8990690727859326 -0.1377006138176799
-26.9689963005878966 68.8909487341482106 -1.8086407062664188 -0.663635846622126
-78.6564740404039782 -0.9146674797191234 -0.0038516742198077 -1.9344146507827232
-76.492500778246324 16.9179703718012852 -0.3724099450297129 -1.9255064590754472
-29.4909290251049292 -70.290400327039194 1.8154280337162224 -0.6751630761218592
-41.4381246566349617 -65.8347517246697152 1.584487215840487 -1.0764910353984325
70.846839648631189 26.7286176445247534 -0.824988664446252 1.7410179630518512
-7.856869238177504 75.677345470114787 -1.9346777118028864 -0.2014321353078029
53.5366696233435492 55.5908670032305424 -1.4334253487897593 1.2844779717601489
-74.4220217986911053 -2.5538464616869604 0.028545675498926 -1.9213403966362536
5.7266276234770546 -78.1767618684126973 1.9193436417216528 0.1371989541014957
-34.2989390599304969 67.976262453546866 -1.7282101416606404 -0.822581146715704
38.0204923544931219 62.4209313230776388 -1.6790048591311724 0.9579131616555174
64.1838672384947699 42.9096021168285518 -1.0249437829251562 1.6069149913378172
62.3288068413956538 40.1156504092397412 -1.0134167170092088 1.645280624880791
-17.0726866491092402 72.0380320737977797 -1.8975453849167468 -0.2973954714753881
-68.1414269408645623 34.167147146392395 -0.9446080953381308 -1.6794216899029394
-34.6893844661446664 -67.0361448920854741 1.6702587463490902 -0.9173579102917786
-16.4061053290231058 76.7257079448480966 -1.872303837661497 -0.2605058328841426
0.4246813580643888 -76.106790534342224 1.9531879100550012 -0.0655414305915227
-75.2372008438275657 6.767562891754106 -0.1695470161002726 -1.8974793275895348
0.7899866280182058 -74.9237136617625338 1.8891719520911676 -0.0871794931054678
54.1867553560143165 51.112748116847726 -1.3686232335665094 1.3210370201906825
-75.435755095434601 -2.098807198818244 0.0464315615597127 -1.9373325043239308
45.6975610053059712 56.135726302662583 -1.4401784058723619 1.2506744613419307
-73.5630972200854672 26.6930434799866988 -0.6431849922162322 -1.8175545554252488
-30.1398635607663827 72.073341231643397 -1.7633543700254022 -0.7454952322414212
-13.5174255872373834 75.1947040205332371 -1.875444340572347 -0.2880363370769352
44.9551252457860784 62.8183975266602062 -1.5684849646698698 1.0818145343459191
-33.4994103270894286 -65.3235242095964992 1.7028063124130672 -0.8769379440383382
-74.3105877695060429 13.3652142513058756 -0.2450344573141966 -1.9105633039466292
-17.0133525206834193 -72.3296197990627406 1.8797516696752018 -0.4387929457012089
-67.8136298628652696 36.8813096928788084 -0.993817400312937 -1.6171023558356354
-28.2768312775248703 69.5455754857750748 -1.7735523861419518 -0.7605076938579648
-74.9832987109172678 3.3760308336018019 -0.1258682377714826 -1.8926290760475314
-39.3097765944145863 -65.1524115655873999 1.5678970851311472 -1.0993691304871105
46.9970138253534486 54.3108976525745533 -1.5099067672050056 1.1767367268571618
57.3636234516801409 44.4828181512096634 -1.1423481224103802 1.5318382279615386
-67.2986742854007787 37.8739232280913782 -0.9955054880429908 -1.6339863642255288
68.9807757082185588 31.9782911350763506 -0.8337637024340816 1.7183250189753866
-18.7723524141582132 -74.9283743383713414 1.8926840151381458 -0.3580823889191279
-24.2562683663468235 -73.549066048126349 1.8529021466221984 -0.551983642847329
-73.0580479761412249 27.693219934395465 -0.679513952881807 -1.7994965090299018
-1.8833964267784106 -77.1533226141572186 1.9308405697735836 -0.1007181056990278
-15.1173357106396154 73.8332358834079798 -1.8953950379968102 -0.2132154329860144
-74.1927272514374465 -9.2068085657228736 0.1474982433938492 -1.8968828954364686
39.4427761576008962 66.6757236530471716 -1.6545554664250314 0.9292744239566774
-22.3654668371383814 72.8777951367764132 -1.8533079228560328 -0.4964679339220846
-72.3692265124219461 16.8893432780669102 -0.3440455678990859 -1.8855932652737992
-29.791951550311989 -72.4228063511544207 1.8004603296234762 -0.725804508606265
46.609584567272691 58.9383381443686432 -1.4149998241539792 1.2915893326026906
-73.2816839908412732 21.7995099035328722 -0.3769655995345562 -1.855591075174163
2.067421798440773 -78.1768637468389329 1.9222915742410652 -0.0675790232541484
-73.7141296093913212 23.6909686526527744 -0.5585157386028998 -1.8304405853218304
-25.3949289479368403 -74.2868662092249963 1.8186672289150908 -0.6010725311888004
-18.9511660384824694 -73.8180327143158196 1.8607941122571352 -0.3784267690740166
36.8325120436748392 63.2595258009384694 -1.6767683409650732 0.980228327760269
-18.4601159358789388 -71.6607093404407466 1.8481420693610236 -0.3932288708065986
-76.4824700531997338 12.7059942500728926 -0.2125164755517141 -1.8708815588002288
52.758550241813417 56.4178944804692222 -1.4494207608329903 1.2525880547749608
-21.2965527261930774 70.935956848465267 -1.876645422273124 -0.480695446518134
-68.7402810525949804 33.2175877630889644 -0.8728670427891998 -1.7196011963395284
-65.3437548738657199 40.5789208712989336 -0.9936875416659902 -1.624785425580584
47.1011646255988055 62.6106772691646968 -1.4443294045801592 1.2667106204872576
-70.6672165457417664 27.9272806400534108 -0.6986547728734774 -1.7810748157217046
-17.4909308618336432 76.4394974514933807 -1.8746452004160484 -0.3263523729249618
-71.0522222603310638 29.810440970871504 -0.7528335537586248 -1.7341781001758586
-22.7767865397686046 -70.6560979943172214 1.867541376156714 -0.5814538219077576
-28.0046250554102549 68.4613717813051892 -1.7566066186685304 -0.769528462398592
-77.1955578408430938 2.6480356414701142 -0.009785419607992 -1.9422211182662652
-74.8590647241584862 15.1693969917516434 -0.2978241821287437 -1.8801312628754876
-73.2646725901976481 17.7353655423066742 -0.3146368499956607 -1.8533744054364392
-72.5037398289241396 -3.570949024234674 0.0667328308129685 -1.9207075712289948
3.7426588690503056 73.6401617211602684 -1.9007414954307308 0.0954719841332982
-2.6322458363402066 -75.0488265768686915 1.9216565383482 -0.1187041075215863
72.3619827019256548 25.9115079136323132 -0.76031834888461 1.7752596028184156
-26.1596818131049531 72.7834878540294454 -1.8317173346848544 -0.6341127496323238
56.1258784294880968 53.9500213390846496 -1.4203587736686703 1.2885549821621034
-32.2313033669089038 71.4279910456919112 -1.7714664899147484 -0.731796998743783
48.6975158538531616 52.8743039351896088 -1.4455944339635858 1.2708914626741783
-28.1448560677254385 73.0850718945399507 -1.8321814200137626 -0.6102732134399446
0.8147764109670694 -71.885696558121424 1.9046162868744008 0.0115162221095159
-70.6227858959142908 22.813853447140879 -0.5082452872927434 -1.8436418440786092
65.42539481802676 36.9886386631862862 -0.9697190105687142 1.6592324172235376
-76.2202574139241733 -3.8615240988481602 -2.8972458965481108e-04 -1.9278096216808076
-18.8069671491839756 69.7768774180895122 -1.8885979834743608 -0.3478723741638679
49.488346792556655 55.2811582190961844 -1.4831239027924994 1.2047343639391592
66.3997138553328057 34.9378108666569104 -0.8525527386969158 1.7236518664517698
-39.2946963843056168 -62.6810723953598412 1.5826286566501156 -1.1001237469365659
-2.285348262111842 76.1726128597423156 -1.9454101087300244 -0.1089871824866723
-14.6117939336530808 74.968044775170057 -1.888977536908488 -0.3123747963327055
-26.4241646353608886 -73.8260041433710228 1.8326751458295068 -0.6616560936349382
-0.0179571319243343 -73.088109824193495 1.9234449206447116 -0.0201692047257416
-25.5404290114211642 71.7533900686139816 -1.8452617518322776 -0.53049938388697
-73.799358567451293 8.1503163448598581 -0.1456761941498977 -1.9161019363683856
56.8959460643985508 48.9213380124400174 -1.3227970635341526 1.3870062188658163
66.899291860003089 33.9118643561817522 -0.861903323719122 1.71422393648265
-27.547632059828839 -70.1299535434624346 1.7607700055815878 -0.7303169102426786
-75.2550660313288802 1.2222769769992676 -0.1510175989720262 -1.9071229122626936
-69.4995300872464696 31.0912097587506153 -0.7628429128908896 -1.7662025734733554
-11.7411928141610194 74.3805583502261669 -1.8723110374452182 -0.2703516936037521
-31.2446072249274352 71.9483031339463252 -1.7660964294121866 -0.7949385555133398
-1.8520062925915544 78.3579443568248309 -1.935409838343328 -0.1067160986095567
3.6427845463743682 74.7542129214020292 -1.9030785398462068 0.124703641852757
46.941765936292903 56.1024093732110387 -1.4464705809070879 1.2517906090004041
53.4305458323474909 53.7347710497388818 -1.431180751099252 1.2789500187406919
-76.0596716053360495 -4.9610305691197202 0.0507333257731721 -1.9122459996438184
54.8726575522096668 52.0344475164066012 -1.3446567989992025 1.359848221010292
-38.3637628383243978 -67.4260478320123582 1.6508747269663382 -0.9814070135451298
-74.3728555339563258 21.5555780473107994 -0.5305357839737582 -1.8442934541271232
-75.4159811381645398 0.1163737231657502 -0.1753814658687046 -1.931398893384328
-30.217566991492653 69.5751575429175092 -1.7899635686617084 -0.7610408438717462
-11.9997508546267646 77.5059821243581696 -1.8881487254263488 -0.2676807466066497
67.1195225182921007 38.1530157247695101 -0.9741039010739776 1.6613255173068958
-33.2627060760257365 69.8807227432050554 -1.7981616536787626 -0.714133791763185
57.7177264562228062 48.0832403822035488 -1.2078244317947815 1.4528342997295202
68.5810156667347428 26.01315482114234 -0.8380723128238706 1.6995428756581864
-30.459225638099884 68.4332239344577573 -1.7395055843142926 -0.7392328766351774
2.0370952099084851 -72.5562926043517394 1.9174421164530424 0.0058758365916617
-76.2020550572485291 6.2038078588930636 -0.1248216913211929 -1.8777871242327934
-68.255070953847337 27.7031696857100408 -0.691415479287088 -1.7868536586324578
-25.119451685981872 70.67125854379195 -1.8584712443609488 -0.5274904188196218
-73.945136600203412 -5.9068372922570704 0.1279035686759344 -1.918734974097922
64.8986158899379718 30.8115624175840602 -0.8865746824530456 1.6986089644827216
-40.775371384820737 -61.628796806771966 1.6072488055031554 -1.0871430893746297
-5.6291926318396222 75.9581430724525574 -1.9195014036373272 -0.1219505768216252
-8.2969456735692475 74.63488171633351 -1.891448238893075 -0.2228000416803609
58.615192459522909 45.0536949892752929 -1.1192569195342501 1.5387899943585864
-78.3649596099312618 2.6504432777717032 -0.0124441592185705 -1.8992288913422316
-20.5800515631493184 -71.072774443827214 1.8644890558263492 -0.433594427547025
-23.4007627016978397 -67.9637052501968384 1.7986179953983754 -0.6671223723772244
-62.3927657688370872 38.2888905198366416 -0.8764300892871084 -1.6944295598048794
-73.1780713458704071 9.0874587844213028 -0.1413775388757143 -1.8958456151419686
-69.2337495581932956 18.5306136012521812 -0.4125911213167297 -1.8766515389176772
69.730793514630605 26.4639656324721386 -0.8102833183013376 1.7545144537952514
-23.4075789725528516 72.4570458368557696 -1.8329865884782624 -0.4948550730074298
53.6738179143665732 48.9772207096814184 -1.2791211354869841 1.3925382201752967
-71.8917115977973112 27.7448352398999632 -0.681987178886167 -1.7680168330606486
50.6579474747217092 59.8600488529973874 -1.4646589297151916 1.2294710582805984
71.0104972325278681 30.1465412466457288 -0.770313064920603 1.7449495730090748
-77.864089472258769 9.637055248738184 -0.218108628833075 -1.889534214953136
55.5603703067285366 48.6290215283909292 -1.2745065057465146 1.4258406706950375
-40.8728300681782954 -66.8326038801102556 1.6195316838077718 -1.0326658433311884
5.9565362934283242 74.9606448538734754 -1.9251978977290408 0.0393896410769669
-75.7240391298456928 9.5698156022122466 -0.183550189184292 -1.9253165007782448
-68.5267576050790552 24.4054820058533118 -0.6368353871875156 -1.7903369942554732
-30.5679670726762574 -70.0113695774350902 1.7882162025934996 -0.7313989480327452
67.5416223253263866 35.0087889846423295 -0.890300353013335 1.7135292529517234
55.4832621774034394 54.870399000095894 -1.3476867276923588 1.3497613126257098
-73.5984957841490656 20.730138196791799 -0.4650469214584702 -1.8669639986038076
69.0298894290419014 36.8963317614353628 -0.9696522831032716 1.6579959492361892
-73.0442672194446772 0.6417228218507266 -0.1739329319875933 -1.9013315558588494
45.732476812553017 59.6338776288746858 -1.4547618633565312 1.2575382808511884
-35.1914295517103355 -65.4598809558532082 1.6477252381641846 -0.994275367136158
-32.2118237224765807 -65.831415420397363 1.7104577468578684 -0.8346526269619158
-22.1674867339407769 -75.1825046437957383 1.8536265514725816 -0.50479974406882
-15.7743478918286204 -74.3134501217679144 1.889985751483934 -0.4092396085817368
-75.9080867196400532 8.4641720420433604 -0.2133469473988433 -1.876669773355868
1.4989719670099744 78.5296886709454044 -1.9027472154684372 0.1200133595959661
-25.0849566138475773 73.1073599461081329 -1.8844394410206636 -0.4942868928424772
46.7874397755150114 61.5351827334377646 -1.4421694123492994 1.2485099642656046
-7.1820458883964662 74.7915889458468542 -1.8971691536531144 -0.168518053301191
-2.3872119987643057 -72.858293317881845 1.9329649757170384 -0.094801540324465
-77.1515644866303205 -5.1663202174407035 0.0459181955659023 -1.909392989798074
41.2851530214384894 61.3968813407834944 -1.6446637536287068 0.9720631778757362
3.0217085491857572 -74.8930406163657808 1.918769606780436 0.0251060866009427
44.422477652880211 54.019188859811166 -1.4580903239420204 1.2614718761652419
-31.2412018522996249 67.2030845150693779 -1.7440127594294928 -0.7966964125122492
43.0945833624676453 64.0631573505000205 -1.6096013882073674 1.0537743723480479
-70.0883970506378375 34.9970386900196146 -0.8723184769234156 -1.710610252218682
-39.4979045517199694 -64.0269303972789459 1.577670080851021 -1.0878653937788965
-65.7332959194016412 38.0520179603901312 -1.0218634095572887 -1.6274416509312446
56.4870464168296352 47.88396074081259 -1.22305698546715 1.451248038112254
-73.2316132961926769 13.0567265269044981 -0.2403830420282887 -1.8938294236477876
66.6655739389681798 29.1398394988114866 -0.8290694864870196 1.7387395221068406
-26.1599349393708067 68.1226887359227646 -1.7576363812232936 -0.6951552599720382
-24.1175964678853774 -72.4420321831035494 1.8313888952372024 -0.6032871932645806
42.1605662974047917 64.6879938076866098 -1.6772340493956564 0.8956984904740394
66.5651121293964962 39.1196542397086802 -0.9285799634616268 1.6717345474216196
42.0689605063065741 60.597220279016014 -1.6123054805096296 1.0608869659504263
46.5680390045981412 60.423390325041197 -1.4528977743293462 1.2339758852507967
-17.7212303142032682 -75.3188273052421806 1.8762872387921502 -0.4023960449033701
-72.1651702079879129 24.934223958826113 -0.6110100914537044 -1.7879870749537786
-32.6992997498021866 -66.8477740193067406 1.7212724253784584 -0.8155880134747498
-75.2716613317387413 -8.8119886460402822 0.1527624850733705 -1.9395983303345722
57.6437352146704782 51.0376207805272344 -1.3018511538598263 1.4109675729566562
47.9656251548664514 61.8937481869807868 -1.4242902616034841 1.2779446042967127
-13.9821765075053114 74.0263660082401316 -1.8804316543367802 -0.2730522230866496
-69.1986000579450575 23.5104210360903246 -0.592369413340805 -1.792784928257784
-19.3131472151641752 72.0436951311741183 -1.8925210605143736 -0.3516043358912308
59.792788864966937 47.3276749595932245 -1.1542406419539262 1.5433485295366852
-71.7944816593204252 -0.7171861700410008 -0.2037175712438446 -1.9310101240212092
49.3677703324729152 53.7922171866531898 -1.465429707533505 1.2681021471779681
-4.6497953855078738 -75.2455014151316704 1.9034841654662928 -0.0482457953016322
-74.2403733865061213 9.8902839710820328 -0.1536908774038178 -1.8751864966765672
-21.229075622801247 -73.2560459986074619 1.8711171337505114 -0.421972569766574
-70.2602845975638388 23.8723632339442276 -0.6152348528434642 -1.8229182817791568
52.8549660467322156 54.6922760376728904 -1.4485644823048771 1.2591712443344321
46.2846957062969367 55.177135052848989 -1.5111447043259606 1.2052557260550012
72.9860147245368438 23.2997660002724594 -0.7349288360561358 1.770245776692384
-0.1734859898166331 -78.2344855933240524 1.9288995277482952 -0.0854340235737806
-23.3801092025222666 -71.6007394865586236 1.8338017372577204 -0.6394550575175722
58.6291892125987744 51.5765606349303098 -1.2434444041462065 1.4345003832134449
60.4529983652202532 44.5617321598471534 -1.1132433981102712 1.5640594432292538
-34.347802059697095 -69.3994144322180375 1.7070433452399036 -0.8192986058645452
-78.356943320868794 -7.5863718249209438 0.2152701650815443 -1.887899874364518
6.9834990516933502 -78.4300337276443998 1.9091453285810456 0.2436304403854582
59.979454579571133 43.2623447617937274 -1.1039711892450896 1.560976285982952
1.4888224806427972 -77.2156062003271302 1.9252770480792424 -0.0376010640766247
47.4258047197928079 59.708876683722707 -1.4228334743237152 1.2507825333930125
-16.7842518492979842 -76.6084084246905946 1.8674011434197764 -0.4143347428209293
-33.2683322433437354 71.004697941786219 -1.760199436292823 -0.7880141423207094
-78.6459255361713332 -2.046476542921563 0.0281320693535094 -1.9202539381710214
-16.4778694980338152 75.6069912045823998 -1.8948983868540524 -0.3239874404984096
-17.907951561278562 -74.2213463231559132 1.8895005702239036 -0.3555708373470282
62.5222130994757778 37.8743680377409362 -1.0504793578432794 1.6050092290355122
56.8691110590006162 53.1023774057993308 -1.3757394815520217 1.3163670909882199
53.0699699998230869 57.496190380347258 -1.4640063124757262 1.2447347960246465
38.3673754569907573 66.1796064335932499 -1.6668965862155234 0.9762530798346844
50.637861623670112 51.973068525768305 -1.380081077705996 1.324644508380618
69.1027577503801496 24.6659481243314396 -0.7572183554614038 1.7781689898755186
61.1659941094862205 45.5538241924620806 -1.1028392715591155 1.5427201384490674
39.480794028370795 62.7373209623045298 -1.6756682281984528 0.9525686780684364
-32.6017600594085266 -69.1164655587135997 1.7526050269635118 -0.839441036618063
-67.1953649601250192 39.8335805856760318 -0.9943046522292354 -1.654633361741454
-0.7427468693289454 -77.060598181611411 1.9148169201403548 -0.0800237862426907
5.8650436598195626 73.8276501540743482 -1.9351870086622984 0.076700940539471
-68.3643429798071196 21.7358164086565218 -0.4312219242500687 -1.8306480326743374
-76.7699461959206246 -11.2026404602236998 0.1743305614270195 -1.9558699700721028
-27.579789046397945 -72.3617734056514337 1.8066765464203396 -0.6128709654544444
70.3628117103149578 28.9238834849710748 -0.7534704726465986 1.7875649514871426
53.8507580473447974 56.665978261078955 -1.4659034400158416 1.2471781562177331
48.9921446259446966 57.1267122740780877 -1.4847582913975226 1.2242190010112528
-5.8207486198934424 -76.0731847390225937 1.900706520624962 -0.2616168516807111
-78.6173554736635652 0.2280803755188781 0.0151696320466045 -1.920861484886676
-26.4879524216097586 -70.4587354132438578 1.8116919322712034 -0.6077530173067314
3.1712166612353325 -73.5078015754220644 1.8951746604725 0.0197329041215101
2.6472701212817702 -75.9487583832121658 1.8976259661411252 0.0615341083735408
-76.0286584873109064 19.0994450070405932 -0.4740543330198544 -1.8560401434459998
-24.7588144223065214 69.379363250377466 -1.800332530688812 -0.6288747959186042
-70.7147167855899284 19.3943034868810713 -0.4190774350699334 -1.9023173501240528
-78.3642952904990296 5.1170622045090806 -0.1291478632607164 -1.8884787080715578
-71.942937539140587 19.0863494786048307 -0.4546350290653158 -1.8704569030954184
5.2353638131898635 -75.1267941627698406 1.933208187132222 0.1370277218774267
1.0594792683405552 76.3473491631297776 -1.917877649484224 -0.0590523408700865
-77.529296861890245 0.4481276226505144 0.0553518439284 -1.930466406474032
-66.5644544868951726 40.7787676801336262 -1.0387469358834998 -1.6115306119761212
-30.8719397974446004 -72.1066011874939648 1.7595674086050498 -0.7846587423805864
49.3994043973018222 59.3964869175910977 -1.4101059610715528 1.2701980644337674
-64.3867689704584763 41.1512048833189255 -1.0285721881530483 -1.6167048207202962
-75.6148466724353768 10.6825449128858398 -0.2554503882521507 -1.8952487157503628
-74.8028601365508052 8.9324778352726248 -0.1805242079161634 -1.9146780307916794
-12.0352651482783024 76.393576440882967 -1.9218882899110624 -0.2255587236879414
-38.3624744364687658 -65.7528465097354058 1.6123733156216054 -1.0174818757546833
-15.3616044863297905 75.846586153861523 -1.8895367546470122 -0.3074439681843477
-77.3953251233840689 1.553864940724894 -0.0372043915816259 -1.9187311969893664
37.4730984122027806 66.8454740635692986 -1.673640740292791 0.881775648900978
44.297485595185826 64.485440001387616 -1.5938129464325058 1.0733606713788482
-64.3231331053685693 34.2912535789746542 -0.886832464848304 -1.701357830167444
67.274874890945128 30.829247639351781 -0.785985839445149 1.7595040194402786
51.450278594156849 59.0617691213870373 -1.4774515098794672 1.2355761415712559
-72.8891876049794264 -0.471485118845353 -0.1420949197021852 -1.8923187560438314
61.720738165657771 48.3095339379673519 -1.130169002536626 1.53298367099942
-24.882500216922825 -68.2485027961792241 1.8013101612241552 -0.6248778935751392
45.9022355918575044 62.2172077784944691 -1.513921092464606 1.172343412513343
52.2559839284436407 58.2677437038869286 -1.4308863729105177 1.2772301738810921
0.131521024821235 71.7210243363446552 -1.9188756610651712 0.0499953299936871
-9.7698962103758014 77.741014150737371 -1.89919963811644 -0.1694899980052022
-22.5797332985543946 -68.728316408875486 1.831153316329464 -0.598620999294006
-18.6762910762267182 75.0408925287669462 -1.9181141950439244 -0.2499573709231629
-37.3751609332703936 -67.950573356899028 1.668609408862133 -0.946824696875638
61.5099723499783978 41.2801851285471386 -0.9905510157193698 1.6483496263137698
62.5551415775312664 34.7995618445001186 -0.9059458841576198 1.6869440962405602
-72.1923551060018269 29.760711349846595 -0.7411580290605562 -1.7616604221268182
-39.1085005739566398 -68.2454676554918081 1.6220471238356312 -1.0082357113446301
-34.6326388582642508 -68.1491389065778037 1.7648026974502954 -0.8412539887560424
-29.2290854983602522 71.4379340223126605 -1.7739600766403816 -0.7045748331685274
-16.488883061154013 -69.2473585596137724 1.8517994706860368 -0.4654842202737392
64.6431564494925226 36.0877384771147192 -0.909231895901721 1.6723200566182318
4.1269427513961121 -75.0348633858433374 1.908659686730006 0.0924931235203968
35.378568698945692 67.8999698827399244 -1.7253542334000652 0.8850331816477236
6.2734791670990467 -74.5890735930823326 1.8984009007673076 0.1458273633333403
-24.9948810561987074 74.2439699965743358 -1.8245238198600614 -0.5337833763083344
-16.8040685949636348 74.539076198956252 -1.910346072065976 -0.301306831774465
-12.6127336233762276 73.1919417749874413 -1.9050787760371688 -0.3041919664739538
42.4468997317109356 65.7914261385726036 -1.67982081579854 0.9308475220941134
66.7831590856100662 40.8688536814927304 -0.9792101781570118 1.6377258484279098
69.5117755829185172 30.9898030401322018 -0.7483360898817666 1.7753981110619188
-67.5303208472588068 23.8845785467962628 -0.5702933036739008 -1.8534847599210452
-69.4252817871056181 22.4168000254781106 -0.4808116477511418 -1.8126085952047578
-23.9206490781262922 74.553534211288877 -1.808208894516556 -0.5879574391174466
4.8164287769126598 73.1318775233148841 -1.8970415642763816 0.0970847169359571
-0.9156278744627204 77.1689203247090205 -1.9025155569865968 -0.1317011403299193
-66.555486879992273 34.6585258208114198 -0.862197031148504 -1.7270863132882794
51.0258840878050606 56.5192352095434316 -1.4564107331016146 1.2350506549288738
-75.2159461284597484 -6.553855945069489 0.0863580138232132 -1.9065562918652356
-12.8553002883013576 74.2882849601945736 -1.8767420820421588 -0.3789811129419054
64.2918923730870233 40.9344340352394696 -1.0430192397097968 1.6398344905574074
-77.4298112515176769 -2.9217833655084858 0.0237822934092363 -1.9030530662709648
68.5488885402929924 37.9119572442448244 -0.8951838302301556 1.6891877114611078
-31.5965057645394758 -69.5941534969694402 1.77745089300865 -0.7361744123203048
-78.2340391975174186 3.9069719637199528 -0.0673799551778551 -1.930430876779388
-67.7510553065149566 32.6930865193823834 -0.8635496588593616 -1.7230978290453228
47.702283174831841 55.2792482476657981 -1.4538768792393374 1.28904912473997
44.6301074108609442 59.2136508823892811 -1.5038854677289488 1.2215544870388826
63.1237998911779172 40.9204923586454186 -1.0222309152432767 1.6377319746303682
-3.0179468158576523 78.2289393115659095 -1.9023596822646776 -0.1310109643135231
-0.7317281360287696 78.2874630891295169 -1.894571916717402 -0.1042961077884913
-25.5008916209509452 -70.9562750670742446 1.8207222515920102 -0.5526095027033864
48.2264366809577894 57.9437494463983996 -1.4238168156044202 1.293566898373564
-78.5069830405088994 -3.1590447063061746 -0.0830729040623553 -1.929638804070034
-29.5541784121312966 -69.1673842776505978 1.7757759307088986 -0.6556827579386726
-16.7214668726173414 -73.4887010122686776 1.8764382700897504 -0.3914687925905967
-68.2722591067589662 31.5104139921801868 -0.8318283874184442 -1.7195183661880794
-75.223695765150012 18.2129861855036666 -0.4404558797674788 -1.8789390959716604
-11.1938491981815886 73.3948635813957111 -1.871444968761823 -0.3204476177521811
-41.710855149442999 -63.5493725775831066 1.572937194094569 -1.1180799613647476
-16.0462794419865205 -75.3935192042917635 1.854751592771968 -0.4269739270493776
40.3021519764439234 63.4879210488189544 -1.6497572483030552 0.991398042569983
50.3145602254075044 54.3848299339564392 -1.4754723438220014 1.2597858829893376
-18.8515319553434892 -72.696809944619119 1.8607824658975162 -0.4002346487525382
-12.6198979929349076 72.0792764084734898 -1.9067101566185264 -0.3281322551016891
68.0559120385453014 34.0136548181015002 -0.8008903373599848 1.7437970286356902
7.2104443353332926 -75.1959687885993446 1.913651885662062 0.2423445375456202
67.1783411830985529 28.0525938039769116 -0.8341386672414842 1.722932524507726
67.0470208469719182 36.0107349553533993 -0.892778455314027 1.718069911347566
-74.3352182532719042 -0.2035645079961576 -0.156612340824687 -1.9052998659644664
69.8669957550116436 29.9284194939193746 -0.7884791752659356 1.7437297987231114
-19.8334719653850016 -74.5715672053395196 1.892797230331127 -0.3726192552198864
68.5435379065725386 33.0097692680968535 -0.814297354174948 1.7228400136280016
62.3724601622446073 47.3886458189973539 -1.0605157598361743 1.5968855112279808
63.7243777417287092 39.9719038080892588 -0.9871998469684428 1.620732477283632
-73.3239524355451664 24.731886541191372 -0.5964187758035478 -1.8158729575106572
-65.4090818274971042 34.5679652685332784 -0.95543229276058 -1.6541574006643306
36.607605362626579 66.1287311767566024 -1.6899912901939894 0.90514978136525
-1.6089771312641382 75.0523791115993078 -1.9329327934961944 -0.1088286457777162
-30.1120267673877002 70.7097566745298708 -1.7390932952750884 -0.8145484490330354
-17.591758345917583 75.3338090807653629 -1.924450769668864 -0.2778439039961596
-17.4087616030005457 -71.2846932647417617 1.8821914966377372 -0.4644006990457904
-74.1796084701923348 -3.6788751243656704 0.0529875438767472 -1.8826121783270676
65.4141477711592643 41.0363932959027977 -1.0173251277659541 1.6192629816353664
-71.3236298244564182 24.2043592075019056 -0.6420637002238012 -1.8264088995587816
-0.9743904218854982 71.9117910898050922 -1.912066788182592 -0.0070997526829222
-24.005956839804707 73.402983997106773 -1.8545610782308104 -0.496766044256533
54.4681832992208258 54.2468462359204793 -1.3937424187777901 1.3328287889697543
37.5463071136767752 65.4061350176186665 -1.665209439478031 0.9482453448576168
-0.0626463579512124 76.2191230185007953 -1.943989599338072 0.0764366454888634
-78.3463846092357273 6.3023480384142561 -0.1592051374808385 -1.8967384732300748
54.7379173249610958 49.3895144879915762 -1.3201004833335313 1.3856064581655767
-28.6006031380825476 -67.5586569507006516 1.7213778729014706 -0.7162547413695842
-71.1370564178007783 26.9116855139236612 -0.694012763490481 -1.769905133622654
-41.730916972947135 -62.3750435456840933 1.5335488854364586 -1.1350852428898526
71.8608717802459012 22.8402432718646864 -0.7449246483209694 1.755495918103933
-74.1323263542387849 18.4915386770345798 -0.4033080250816935 -1.8526463470968414
65.9998342380383604 37.9881668356323416 -0.9412228299486664 1.6693761447351344
63.6955707645285614 41.8832411556809276 -1.119175149063163 1.598751291670182
0.6144348633982348 75.3288320253874417 -1.9346419623574716 -0.0468013731572012
-16.9751655932792786 70.4521330481028798 -1.8772780945358308 -0.3542946557408521
-74.4055404126776665 12.2436279236507257 -0.2449860586452199 -1.9132098007734648
4.8394056415583186 -77.322413010668285 1.9348553375976516 0.2117572934207944
-69.6609182629781856 27.119414493238093 -0.7096395557304704 -1.782875131981236
-75.1379087018526661 -4.3316074732144925 0.0076788268795989 -1.9185982870300808
-65.4194968254880394 32.6106336909076476 -0.8887188313920784 -1.6917217390852758
-69.0164485934994758 20.8302057439820594 -0.4405248582997882 -1.856375066764658
43.9116079141585374 60.9285141050685156 -1.54358640785329 1.1509567471366409
-35.630269098972903 -67.6183952239758242 1.703005019110002 -0.8793923763619864
49.9121185675463366 50.2987814098403874 -1.3349031467579176 1.3572279101637976
-74.1479369592621964 0.9009540629308654 -0.158347234579549 -1.8993747156427632
65.1972275828667591 35.1149229384748622 -0.8828269630799916 1.6842578974882738
-28.2439188433372373 71.9696153346015848 -1.7598762935422616 -0.6871522014640692
-6.3864280589577689 78.0994375723562655 -1.8912623908757944 -0.2936823206582494
64.8023337259606508 41.9665318479543288 -0.977289617805115 1.6320546424226772
-75.948585498655305 14.9216246427381006 -0.305944243991208 -1.905636816881649
47.7224352594451062 56.9226637744227446 -1.484871289928381 1.2197118235286235
-73.9990703715809416 14.4423596203734928 -0.3109417760335235 -1.9021155359499704
-1.1715171840398919 76.0807578416941794 -1.909662714762664 -0.0180704584069154
52.0987735430820322 55.5165230994114084 -1.4869076198809392 1.2543352042547906
-20.7472398705682864 75.6428017295959166 -1.853825584479232 -0.4696580618009098
-2.7212054970861694 75.1427466891106519 -1.8927247572789224 -0.1238882512710654
-73.3619092984622654 -1.4852470751982502 -0.0682075558518828 -1.9539621594855592
-18.665528014431061 -70.5530796288048948 1.8750789890332854 -0.4329695344369419
-69.5430400372333822 36.0130767362426667 -0.9005751374468504 -1.6858591495024038
3.8812782041247238 -72.5363357911673746 1.9200616645959132 0.0562734684035465
-31.1564441057524171 -66.4895748233444692 1.774297439656905 -0.7502784227453136
7.634738565127738 -74.1642115028092093 1.9534642451030912 0.3005831918245968
-68.6022400218151632 30.3597858788521187 -0.8457183541611704 -1.7289537674899176
-24.670878725560904 -67.0878360503152322 1.7957105144330072 -0.6560042742102172
68.3837953457414045 27.138811698621371 -0.8124855163867326 1.7321301092043928
-62.7482884894839756 39.5335524812841116 -0.9656114708685564 -1.6518914165603774
45.2690184858601441 63.912476355240905 -1.5277313557089374 1.1650096684748352
55.9681984917234346 49.6792404790236902 -1.3423030540312495 1.3710537501325013
1.908558521614536 -74.9863030816243566 1.921374904591833 0.0269808248628934
-63.242796391923001 36.912568147347642 -1.0064474519765896 -1.6437941933042478
-21.843838093290092 75.4061944721248097 -1.81706064425775 -0.5284791789976564
54.1143439330441254 52.8536431634838948 -1.3658763225369271 1.3444398487089133
37.3527394391406205 67.9535308349803274 -1.706401024053409 0.9143449712282596
-75.3977455381012476 17.0910157484074929 -0.4043752640634061 -1.869410775056074
-35.3308783944064899 -63.7628351122363028 1.632975639180256 -0.9928267730762764
-12.3666178434420005 75.3186867776157954 -1.9112263922799594 -0.2328400955543939
36.3515697748569693 68.4650461129917148 -1.7319183706055432 0.8683944290689702
-19.7911374595647268 74.9157929685758148 -1.8671402073483966 -0.4122520391042098
65.9167132046484738 35.9763062624414402 -0.9156214907038638 1.6862740141512692
48.8686548773141994 61.2267544994207072 -1.4543137715390444 1.2560271515853452
-19.1806156465436146 73.9631302763477266 -1.8793622491028172 -0.3591910395860665
-10.8800794848244564 77.5654433863085586 -1.8963756778468418 -0.2290917022424608
-68.8213940968238802 25.5339636262274894 -0.667404599503048 -1.7966152924733088
38.47793947426036 64.7808148064474524 -1.6698963179459936 0.952698854415831
3.7220963476608442 -77.2248748850438176 1.9319643596122372 0.0555388919919061
68.6715745985067088 35.1912129765591146 -0.8572238622541918 1.7216989250998592
38.5710498290257604 63.3920078294284579 -1.6743920848890028 0.9475113666524896
-40.6190370527457176 -63.8647430555642046 1.506294967543452 -1.1804052429463077
73.538475674978571 24.2712195250377363 -0.7500567251517498 1.7485251542614274
-66.4364064213683463 37.1486001481603623 -1.017890390918486 -1.6047510057016238
51.1533752506976285 57.9817620096781922 -1.5036544403401206 1.2026681387292133
62.2960362179100287 45.734329988764685 -1.1326121341013331 1.5077779252553034
-1.653171854860101 -76.005064443169843 1.9159169187246304 -0.1154711752697394
2.2238088068393851 71.83386259206209 -1.9030127029925236 0.127593497057231
-78.0855762145272792 8.5354192736662018 -0.1711237967979188 -1.911437297560868
69.167856585836546 34.1940341572043209 -0.7741453806844512 1.7339489742404868
-24.476402677116024 -71.386766464155258 1.8376672684729252 -0.6630833109790274
68.7783704217713138 29.6756947191407932 -0.7561300550837088 1.7712743432182738
-74.1101420290546997 -4.7985612935443972 0.0238741222501947 -1.8856642134621056
-37.8834061412856826 -64.6729741048307574 1.5447686805641908 -1.1441771382887067
61.8050941563607168 44.6382037240119446 -1.1050514579222788 1.5881125973206472
-30.698750319573108 66.2033093600957585 -1.7227212900606044 -0.816344468441058
-25.3268381970431556 -73.1742815227219836 1.827916321489513 -0.5955521723404592
-5.4132901962516469 -77.116839561383145 1.8822779670115644 -0.2592205237381654
-29.728515998814011 -65.7597204531085282 1.712735122439603 -0.8624585809923926
-24.3410999052021104 -74.6649800422668478 1.824193028379821 -0.6170133795657414
58.9500126786845016 42.8064132063361528 -1.1050285850777673 1.5520359324056768
66.1157892666875711 33.0448855595319202 -0.907479099223187 1.6993606203319918
62.0995766348488232 33.7513090589834732 -0.934404438328118 1.6746361831414206
65.4497820930253482 38.9672882690671542 -0.9714922669420772 1.6507007269265138
-73.3428324998676829 -8.2454955044943734 0.1631140992630481 -1.9214189698566664
-30.6699646277596116 -65.1414316088547452 1.731597398067376 -0.8240074206258992
-72.5507369060501902 23.8909241289467432 -0.5585787466202378 -1.8219621963706096
57.6561732896876294 46.701279622537733 -1.2213324634382532 1.4992079678564172
73.0198121594048786 27.5820081669130808 -0.8004672045433392 1.7340238511785674
-33.480772481732501 68.7653596619014422 -1.7453523710351824 -0.75846798009801
-75.0833322379243242 4.5440937055303784 -0.1115222556631331 -1.9347782155527324
-26.0587830708020896 73.896578520768614 -1.814941075623884 -0.582674599932623
5.3218832765697055 -74.0063611709139906 1.8898657373985148 0.2168768023661815
-69.9569437121446214 21.4436471711234589 -0.4848655550977382 -1.8241357493478376
68.4279011259052226 30.7575866624321712 -0.811763025546923 1.7516271013097746
43.3669622347708526 65.1466946817461974 -1.640100931593 0.9795640247032338
-40.4634152324150166 -62.7258605040427498 1.591622938841434 -1.0430712786980183
-18.9383363981602812 -76.0473635467385805 1.9090900418037744 -0.3025615150791962
60.4505777427118788 46.4162395461547135 -1.1237974963136419 1.5736553290837162
-23.1346461590845607 -73.757397076397524 1.8589474641489666 -0.529297552513731
-20.0353494521218032 -73.4766786945631624 1.8393441149513012 -0.4806920200560632
-23.2408069537559215 -74.864524516576239 1.8259829586210712 -0.559815631417696
8.0837238170407151 -78.2232572044215431 1.898833627014612 0.299506588650442
56.786062440749113 51.8016326455096134 -1.2913747830818499 1.4311215965806461
-23.998302846901499 70.8023924778141946 -1.8164635022676692 -0.5407090112433112
41.4022115425858459 66.4917052962648826 -1.725591478327151 0.895323479633789
65.6109978971856266 34.0739912003358256 -0.8890044361112906 1.7135597302605342
64.1872822900113391 37.1096398120368249 -0.9439600063326552 1.658402408437181
-36.3667961182453468 -68.4398205954795316 1.6658533368014886 -0.897918892860612
38.6384003656628394 61.4866441570423988 -1.59872138200886 0.9861454940954348
-34.2350745937285908 70.4301991523121132 -1.7924165050465088 -0.7346364533206632
-4.3465108241663124 -77.4310518630009881 1.922989028424391 -0.1490856129032242
41.1122366630795995 64.2686892413808124 -1.7088895207201834 0.9315356617199468
-75.4624237597297878 11.7872120058515684 -0.2390154387212511 -1.8859299306488834
51.0602676648446661 53.5541827033408496 -1.4475352502581904 1.2656130140707229
-70.7252190261914252 20.646401200234461 -0.5143403386619868 -1.8614371826193768
-27.2154490146047437 72.4111958758071239 -1.831605637033148 -0.6061327404966388
40.3627430538456622 62.0465972603041109 -1.6497341666683386 0.9541177406807646
-68.9347260216739102 36.9570860551456378 -0.9299222622938642 -1.6845084399210906
-9.0117946974058629 72.3862446938325093 -1.9143452385059496 -0.1476750743199476
-22.0573704201424512 -74.0736308622953885 1.8470938108525328 -0.46986191494548
70.622574250197701 27.8319972369204614 -0.7159717830949646 1.738630940817776
-6.7421222198695158 75.8272100765867236 -1.9227041156554816 -0.1468607596542934
-23.2337395845129322 -69.64246860757234 1.8203398316694528 -0.5724398625445756
-75.4506950503005244 21.2588981577703535 -0.4573799958732262 -1.8519070394086512
-74.0352489430819389 25.6656622937636598 -0.5637914080363536 -1.8240699742937826
-73.1788008158884651 6.8235520521076998 -0.1714764515912674 -1.9055431412461422
-76.3303401906500625 18.0257248703740451 -0.3810108646540188 -1.8758732033403228
39.5137550840575856 67.7869650126949922 -1.6470298882754622 0.9669586118978116
-13.1090427497177817 77.3638586509504904 -1.8974606147712064 -0.28149897043288
-75.1714114361885066 14.0819827174037684 -0.2581759551607138 -1.8804092716089108
64.74118893928636 33.3847866837881853 -0.8539977780939866 1.7215100852358098
-73.3759534058469569 11.7195451702655262 -0.2420397515702549 -1.9016455591486396
-37.1023852700506964 -69.2668518487765113 1.6896213334808696 -0.850968060410644
73.3255485375220673 26.5045586822034416 -0.7676157543109636 1.756728315862319
-36.6212668517832968 -67.0951123984272613 1.6700550277743974 -0.9556798686044428
-70.7551045489942112 30.8885405537536252 -0.733533632566309 -1.7596513045298708
52.7658025934481856 50.6713551525385526 -1.3984101606053741 1.3105251023559344
43.7861805817291626 62.2738911670305413 -1.5749338488772604 1.0649995337574705
37.181244995099739 60.7672937976694102 -1.6311752870699058 1.0156324508642447
-72.960000016860974 -7.1865859295791834 0.111228717828306 -1.922920246354076
6.7012661871281934 -73.5590662407770282 1.896839060775964 0.171772103033689
-69.0492786697218008 29.3285932775114624 -0.7431700100743906 -1.7713053884456358
60.8285674156675712 33.3227595460039439 -0.9511841933265978 1.6598827397312664
58.5154064469003998 50.2512039386733918 -1.231252854319838 1.452397246449718
65.5816469445751268 42.7688939409705284 -1.0637204195294632 1.6085109312681312
-76.704758187962554 10.4351979986339476 -0.1464123470885154 -1.9291338136489908
-3.8320817976368976 74.992241369717405 -1.935376434935216 -0.1160124167777615
-21.2708597996790268 73.1004966765100761 -1.8868239487428776 -0.4454474874815576
-0.1104703346830616 -74.2244472042759611 1.909727960482675 -0.0587930528854417
39.3992350816388424 64.1450187712210607 -1.7166157466312126 0.8656350750950616
-22.8659733917181676 74.9433741413203478 -1.8895810356177476 -0.46539463780229
-40.6381145563450872 -65.0402092505547387 1.4857198621787548 -1.1792511527825371
-67.132752071081228 31.667335341654436 -0.8853832464671544 -1.7069958157265246
-25.0521489806005988 67.9617179922975794 -1.7916712643162092 -0.6414439232493674
45.6896077126078596 61.1125864241283807 -1.5084661180307664 1.1931920468948494
-74.3187337558690899 17.3783633589845721 -0.3769222165311526 -1.8777329395954826
42.9029553478821768 62.9507927254740026 -1.5837804687831714 1.0416327776921142
-36.9346728719268498 -64.0574382800879789 1.6163206973288282 -1.0138449042657416
39.7656701339454274 61.0185380012131091 -1.6373411990932124 1.0116694099744463
1.1926331587860208 71.3425349506904638 -1.880869247557982 0.0971016811396503
70.0682347562611483 34.8967786156067206 -0.8511970062405888 1.709390770123938
3.748697964140837 -76.094573444399046 1.8989806923431326 0.043434795135571
3.6117682478458182 72.5305462920447468 -1.9148818328103244 0.079871909980274
-29.0652642606826674 70.3363992346806413 -1.7891583267970714 -0.6411951157262394
-24.1130635268492917 -70.3299377174794813 1.7916521480445404 -0.626233420628632
-35.3815078577629905 -68.9711882258543056 1.7273602935507912 -0.8152695390771478
-77.0448361844492524 14.6621595812742368 -0.2793621369129166 -1.898941359321887
-76.4588948218943614 -1.6255179724665494 0.0299612517843685 -1.917872875053846
-69.1760531861554142 32.1812885083731359 -0.8228291320288274 -1.7453249770903854
51.4405053528318419 54.620723557343304 -1.4077137309395411 1.3063782089540712
-77.2977768326534971 -7.8977634481935564 0.174688587241565 -1.9297918155678684
-70.0071068373461287 32.9961044921354514 -0.7976851080453566 -1.741230526128791
71.4846926314898212 29.1374371441710629 -0.7046600736981174 1.7840497662087166
41.282226458239137 65.3821267462132028 -1.6784745003097996 0.927901105721872
-66.0841442148229987 39.7437800649707428 -0.9885540585880634 -1.6520995859564492
-73.7453106924311186 15.5367729498325834 -0.2372227963609976 -1.9071238700461488
-26.0283044931670524 -68.2350465925046024 1.7930208755010598 -0.6404650216967572
49.3770344219783013 58.2297283345023615 -1.4332879116325701 1.292899924013361
-76.2188794759336474 -6.0573373108322315 0.0310023758093877 -1.9160480966773156
-74.1742589909898555 -6.9993263376772684 0.1433914791372261 -1.9125315177995088
-65.1909310268967488 39.0369227569619923 -0.9625305860680868 -1.6527346099835122
-2.8747266088641346 74.0366986456190688 -1.9511137470299754 -0.2063054413787987
-16.2255371052325188 73.5848524742729496 -1.8737800620730016 -0.3039428986803959
-73.0346634572986346 18.8303375931484176 -0.4387026138546462 -1.854993820147638
59.4796791221418104 50.8181729370111058 -1.2234826597789683 1.4953441523351756
-27.4858827797852996 -71.248117541329961 1.8077950128363686 -0.6378745192025442
-18.5393715833268332 73.0494462029768954 -1.8747964561227196 -0.3781453241162643
-4.1240297891854025 -76.3036199569652212 1.9202145993086128 -0.1085994750766529
49.8002033056414106 56.3537836487916977 -1.4264322661836733 1.2672036598725798
-2.9087916884895514 -76.2512788663990193 1.9251499743005084 -0.0575514212910542
4.5838816561282574 -78.4097727514802046 1.9030347681975536 0.0674861292138308
0.1980796423379793 77.285110832925497 -1.898540735081562 -0.0106632845353084
-63.5270258381921948 38.4059290499524551 -0.9772346872499886 -1.652427288656751
-35.2004848442894769 69.8607386026772304 -1.7503379908560744 -0.782789568628073
-78.505747250915647 1.4734288841144528 -0.0290300258710735 -1.9144426298765084
-15.7161545333353008 74.7952503349391976 -1.8977170416254582 -0.2908975066832125
-71.9352649302974782 8.9451346245523436 -0.1846526342895534 -1.9157470397029128
-4.1384129744424501 78.191977527889776 -1.907502100185776 -0.2173876276466167
71.7221818470142836 28.0472480162473588 -0.8187088025655872 1.750809698217909
-10.9151656619605486 76.4487444369653133 -1.9103571086324596 -0.2132385517903006
44.8977141182319458 56.9242449025794742 -1.479546643517482 1.2269502574827411
-77.2764274102129463 4.858033732720986 -0.1144199780539797 -1.9474110167533088
58.2585012181085134 43.7815610121783792 -1.1382501151068061 1.5526280291746626
-2.4102560236810886 -78.1609448720339373 1.9051154539581836 -0.1974424569079253
-76.1703604613619945 7.3791088634454578 -0.1586393998996487 -1.9002210849847202
40.2152035738915359 64.9294383093133404 -1.6853387808420328 0.9449174006736082
-68.5125345839975212 26.6080591971935406 -0.7404312546074762 -1.7466003339835146
67.8724943598484316 31.8208904920857592 -0.837581939963776 1.7345053247274716
-32.4062394457214751 69.1673215374781165 -1.7400835987025548 -0.7688768121990054
-72.4008284577035397 26.7527519753400292 -0.660403407628991 -1.774706946672877
-63.750257924044135 35.912053281986303 -1.0289166223849309 -1.636242100280746
50.6860644452855738 55.4480023265230813 -1.4676080819652724 1.2799638627199397
-76.4777440285202346 -7.1402228103244161 0.1402043273271943 -1.9186430914081088
-9.9524208260044614 73.537297165236197 -1.8964934027974566 -0.2806117718204548
-76.8084480722468896 9.2894636018641173 -0.2380601686221735 -1.9089297052146612
-27.2431720313708077 69.971781974739173 -1.7755909061858486 -0.6844362522897656
-63.1906437161857326 40.917449331326921 -1.0307067101778593 -1.6288416925753032
63.0842389923964291 46.5212632200060554 -1.1383839228612018 1.5566254580168406
-11.2333438370514536 75.3831384212367368 -1.927930505476108 -0.2496545499121331
-13.777888051706066 72.866662668752639 -1.8849385505018444 -0.236773194732075
3.50099732977103 76.965365290097722 -1.8884443755746088 0.0966338743618423
-22.967439894547276 73.8227101363291496 -1.8582643807314548 -0.4636907623688562
-38.2384710487659447 -62.2080225956304389 1.5629905021385884 -1.0843857089246145
-28.675850648714249 -73.0547861250204846 1.803157647402425 -0.6701805981030794
59.0917747263053954 46.342686022410966 -1.168684392172151 1.5268185828495092
-77.1707764946342678 -9.0487530377509469 0.2736949834199255 -1.9293474686400712
-30.6376592937931136 -68.8932863613360524 1.7870387784636588 -0.7400487403846944
-74.5756194662956204 16.2903571815889201 -0.3222984425448483 -1.8980583276782688
-75.2113602772189154 5.6528415537273444 -0.1334429164892728 -1.9130905676144888
58.2427809019235383 49.0713689328584266 -1.2508394495456825 1.45550801582802
-0.4365202622753787 -75.4092515924910032 1.8918422536295786 -0.1028648618361567
-8.975641637210769 75.6399897230389656 -1.9065418511709796 -0.2215703626296292
65.5338881806877822 32.0612711691081103 -0.8318390479612268 1.727033596897869
-31.5793530679368716 68.421759809725998 -1.7753474047427836 -0.7473002543070508
-74.6763334141701876 20.4262672100053635 -0.4871902848394 -1.8549994179907192
52.1553542180392995 53.7589149929239412 -1.4800815023305138 1.2122134485479363
-65.998368519460655 33.6155386366119728 -0.8584091199886318 -1.7335858099628344
54.6784009273952236 55.6504120488444586 -1.4216249098035843 1.2901213661968367
-14.7120398451887358 -75.8986182726056456 1.8881273225864844 -0.4159989447779085
-64.3659133600538525 32.9875475280744866 -0.9058264536855856 -1.68366973880357
-25.4080380571801108 -72.0706418609874504 1.8201187856085424 -0.5881091008449716
66.7176527502812036 31.960638604865025 -0.8498120344861068 1.720701100685317
-71.4337195702130288 28.7607531570517772 -0.7127278691316702 -1.758551167089242
-16.85108433114522 -74.614854535145824 1.8787860253949774 -0.3767796965695893
-24.2496488831077777 -69.1724176637838184 1.800649523327155 -0.6023840030685704
-39.1269871457140184 -66.6031951250860744 1.6048472357308404 -1.0239463934090385
-36.0065412948232861 -64.6901222873450622 1.629233565404399 -1.0462214379906729
-72.9444055284143644 22.8548111288290308 -0.505744160156718 -1.8368137676740822
59.7890743932629932 45.4632182666875338 -1.1424590669683119 1.5639217260576868
-10.5415770078251114 74.4926476218360278 -1.9114767331541484 -0.2637253636976494
61.821745492214106 42.7668866559942132 -0.9938341906633998 1.6231464424621518
55.4487481868731749 47.4798283588009086 -1.3280544133683368 1.4144157876854917
-67.810802750652158 38.897355042254418 -0.9739466976606894 -1.6454691777278438
5.1196356226504234 76.499102105608742 -1.9087668554442876 0.1054670257377913
-33.3485178597304 -69.930708114952381 1.7591666112401486 -0.7841336089349832
-1.757284856563449 -73.8114343661615352 1.9198110556144064 -0.1062036293663563
-14.743835489717558 -74.7561885781515088 1.861809976869252 -0.4437346693435772
50.3640540651712527 58.7790596608184188 -1.4626343266209686 1.239613130327814
-63.9050272998609116 39.6826694646028244 -1.0197077956195373 -1.6271599778243302
-73.7798752788595636 1.9592362595575488 -0.0989091974015839 -1.9173951385306832
-0.6734132460300586 72.996581166664967 -1.9057269718847328 0.0473352491665279
65.9767139432688196 40.07091482856125 -1.0057513691759497 1.639434057788332
-75.7616329891850882 20.1854690465306881 -0.483658856291414 -1.8447697773133136
-23.4504015772346578 69.3652764388283885 -1.8263521430983136 -0.569100855333472
-72.4592898465547108 21.0352315260372116 -0.4323961513394282 -1.9053161323523624
61.2488496167634509 39.722724040459994 -1.0332756877258813 1.6313843427466048
-74.5035835233380652 11.0945223807105915 -0.3215820769439251 -1.8803140970539666
-71.0329823485138547 21.7718746856835424 -0.5142153863527994 -1.8838057633167574
41.9902993913587892 63.5824932501413684 -1.6757181302380074 0.9324204723618696
6.1859166485742225 -75.7021220303319496 1.9363565196020088 0.1628980634190741
48.5746282678709918 56.0813269574090185 -1.4515059832359178 1.2675800324059068
2.4108434111123045 77.2291792549511343 -1.9106018720899708 -0.0152662727619343
-29.9637515706287906 -66.8762866407394086 1.7554432041697442 -0.763170667495596
-25.8760229848967854 69.2698660179489849 -1.8058981782408648 -0.6871283639539384
70.0264322909592352 25.3075140945300916 -0.8391915836344412 1.7262176291195298
71.9616128258937664 26.9544357535441214 -0.8231443500487636 1.7504214857906302
-71.1207515628594109 32.9539090850006672 -0.7801473142855622 -1.7719268232914398
-27.7220851153007538 70.9806955462835418 -1.7765842678873308 -0.6908148181218284
-68.7494210545938388 19.6730607881926468 -0.4692910432360494 -1.8589303764410132
72.4189857114346296 29.7664818776185918 -0.7034009526556466 1.759469955209261
50.1710569870833751 57.4235531863155871 -1.4570734387254328 1.2412889489955794
-66.5708907331853368 32.6377201418243602 -0.890631539980478 -1.6742011283574016
0.3683800705571872 -77.2318073690923086 1.9193162154272604 -0.1801601602935926
-77.1215085337872211 3.7568025945723438 -0.1205707863712999 -1.9013333175884132
-18.5778406118291564 76.1569159706431265 -1.8764225309935162 -0.3000389171344186
-62.5527533305717896 35.630395239392378 -0.9224746603116148 -1.6376412949314832
69.5357680256049094 35.8928715086256176 -0.9261765094720324 1.7134454316756066
-20.1170302174531592 -69.1791307896160674 1.8860622246256186 -0.3769738361763113
36.4058270240588584 67.342220517707645 -1.7094026190380938 0.8947153744153454
-76.4147081186059723 0.6495054598035594 -0.0764120492291692 -1.906194473496332
47.1048438388611288 57.9335436246183946 -1.4670614278216966 1.2240203067824718
-76.5885213177666628 11.5573560378868408 -0.2544566213116784 -1.9106678963106528
-66.679483521554431 38.8029018749527168 -0.9610859203607198 -1.6394531044379546
-36.6736095983623258 -65.9816638542720852 1.6054013976328004 -1.0394638361105435
-35.0805745371678697 -70.2270628407193414 1.7441535289272176 -0.7849060937782496
-76.7646006176890268 -10.0819828267592406 0.2108757363254218 -1.9393345379962512
53.4139569850119784 51.9183253135809508 -1.391885348896291 1.3385144206292845
69.4771906867143514 23.6080852514440558 -0.778019194148444 1.7414847931987278
6.1872470511417745 76.1551451276639 -1.902298557434966 0.0956947177783401
-5.1132648620013379 73.5407468776407428 -1.9268504416280352 -0.0633679824929505
-70.2981607448088255 28.9844133283111028 -0.6995074834566772 -1.8087665274729672
-72.6428289106593326 15.7195245401054944 -0.2904626329435982 -1.882931494826884
4.8178293362730678 74.2828150357871096 -1.9128524566195916 0.0638340257364019
6.2512785071880401 -72.4955215807262618 1.9141996516961288 0.1812882328742629
69.2546646734183327 28.65589864716328 -0.6877112092498752 1.7800603867381678
39.2893622635074067 65.5540467224770538 -1.70076727294733 0.8812046320202632
-1.4303220414105427 -74.8880811581149288 1.9140362252305292 -0.0578576350947882
-72.5662316409638494 7.7614299621809684 -0.1997551669770506 -1.8648618028640016
-77.5828567211659674 -0.6675990607627988 0.0017572200147523 -1.9049603619705064
-70.7500682269452598 25.1671169609606835 -0.6546119151294344 -1.809502855834414
-7.6571255156348146 72.5387990382890706 -1.9269516799167362 -0.230204992619918
48.5945017534535708 54.6005061634277666 -1.4553411169614994 1.2431637395691346
-20.8553338303207774 74.5334083446525852 -1.8952136266639392 -0.3747689956203467
68.1647706530036004 36.1846779338229325 -0.9316199601362326 1.6854046699904214
61.3828445205728244 37.7718988620636226 -1.1063887732182702 1.5858442054353408
63.0813393089718559 39.0574656105686628 -0.9695261929180338 1.6614684793266158
63.0684767479040076 42.8034981122119832 -1.023584435980444 1.6569028255478998
59.3094947866909408 49.4184553352339933 -1.1968810206732221 1.4909314908099068
-74.8591209489508174 2.2652195611470685 -0.1708287965746559 -1.9093566744380872
1.1686690154557185 74.3662422706327533 -1.922272081249848 -0.0587169818525464
-33.5857100705969104 -68.6011446723256172 1.761572850787524 -0.8272655871111552
-16.0277346682405089 72.4686107195155246 -1.9217455113003424 -0.2932878784329918
-2.0308303172433666 77.2550646062077817 -1.9049300460378668 -0.1050161942311142
64.3641787962863248 44.6765703044620608 -1.0630186071601764 1.5965824488899748
57.7470110252367236 52.3755480815719352 -1.3194275440312022 1.3879293842437748
-67.1191248019883915 33.6863405532405268 -0.8363198999264554 -1.7134074871522598
-67.9539558180447188 20.486653012682659 -0.370055695988266 -1.8804698240656192
-13.1472411635390358 76.2470140946238928 -1.8603130374052368 -0.2211635934608739
-65.4481565631435842 36.6060087316181892 -1.0171637503398938 -1.5995221823950072
50.111975485401139 52.9592340528334234 -1.4815191257974912 1.2471836041612745
-29.9735807387080228 67.3748108090168501 -1.750846742656252 -0.7676693015459124
-3.2316430974239983 -77.3917039626038417 1.9407927438019048 -0.0808043957875717
-75.4687277400578012 -9.9068820755535398 0.1347203225842151 -1.897624241343843
61.861380735785538 35.6808522559780316 -0.9999799274756424 1.625007115615671
-69.3757499500712953 28.2516043703005444 -0.7168472252107054 -1.7788577093773992
3.79544972909448 75.881162688496545 -1.9046683232513288 0.0892919688546883
-32.142885331603793 -70.5554859478352938 1.753351606783245 -0.7682319892496996
-29.7703494790555006 -68.0685935210956643 1.7463549873023868 -0.7884930220669872
-31.0998315824995828 -71.0054116781698355 1.7557399158744382 -0.7674546100811956
-33.0634147620713392 -71.2000338948844416 1.796942662057038 -0.6728298747208634
59.7672246124131946 41.8334009185011908 -1.000340812776934 1.642555775645216
-3.3952335721964495 76.0273058189635691 -1.9278015571390868 -0.0931763305672455
63.5316049606524658 35.8715762812565444 -0.9233167776208008 1.6868060207797282
60.2506282740835389 48.4368686119289294 -1.1758444478138164 1.5125464782282148
51.1593373374627234 50.9844015596189734 -1.3352987300072059 1.3202140273879706
51.5834718469173624 52.5601292234919698 -1.4069471196952532 1.3241571421836318
-72.6197005607924524 1.6926567672290538 -0.1700389357956768 -1.9059637350628552
-1.2868193974380433 -78.1043135484383271 1.9103911862044368 -0.0936114293757605
-68.9717915626886934 34.9779026516477032 -0.88249817066599 -1.7083764459465818
-72.878578002461012 14.5090933157341678 -0.2761578440388585 -1.8997049611917242
1.2560908863238842 72.623935319213814 -1.9137767857202812 0.1172138101817069
-14.9248913194836472 72.6754486943847838 -1.8882384815401248 -0.260203710124422
-10.13155288073572 72.4330530133418194 -1.9057442784770772 -0.2722927841327798
-64.5991073835878496 38.0339799881766325 -1.0299569032744085 -1.631632751184886
67.6744852050411652 37.1869110875816986 -0.874612303180599 1.6970488134350754
4.8557026060168482 -76.1914792902035458 1.8985934064996214 0.1224989498007551
-4.2587539613900463 77.0801969174399631 -1.8974544688136504 -0.1640424710022341
-74.4767759609889596 -1.3234678135329625 -0.1081435206111363 -1.946643408754374
38.511331592767931 67.2969010584047425 -1.694335506299899 0.9216702938185492
-17.087488971617816 -70.2072742690128706 1.8408522662932472 -0.5007390705771834
-74.1914579998239816 6.3655447332042838 -0.0680278986632876 -1.9343837546853432
71.1795396587695564 25.6552161101017724 -0.7170638088529772 1.759748289007669
67.4131785403631909 39.8514004869435682 -1.0017022426312472 1.651672822203784
-73.4716925457080522 16.6251985536699892 -0.2775112810397177 -1.8988678740612988
45.2391886438525362 54.7795788450437726 -1.532417897358282 1.1666819160528199
73.5238646457414404 25.4014080172034049 -0.837277772275166 1.746229196740429
-26.4236505600588352 -71.601039309114242 1.8320420234191682 -0.6047437512613346
-75.3136628670291941 -3.2167487040061116 0.0731563300102106 -1.897827895018393
55.0881814277347246 50.4507283544250954 -1.3488671634574781 1.3652719606051229
-76.0312294974679332 3.9495938178171918 -0.0855430027779391 -1.9113194528855
-31.8023884459921966 -64.7548049695052016 1.7169193657670866 -0.8456369592524516
63.5982891994155538 43.8708311250876052 -1.0918200273080767 1.5732022435031686
-26.5178723316932796 -72.7198868826860548 1.7796976333413472 -0.6150339955921646
5.8101064733766252 -76.7580690397540764 1.9432694198914572 0.1302163236329294
35.581023970384969 66.5862232973770034 -1.7077992809290384 0.901825581787193
-73.8114705917722774 3.0952479518160372 -0.159466050743859 -1.9143038729550904
-63.330446418259065 34.8273804841011058 -0.7984352328855252 -1.7528356691201608
70.635398675479408 31.1956745459693004 -0.7551894490307134 1.7514010062568468
4.825334105763762 75.4170808066784702 -1.913333452547576 0.1421293010078953
-62.065237909861473 36.9589769419263306 -0.9225964868931624 -1.6942687013050276
-13.8493488826996512 71.3676276123171079 -1.8662563695233202 -0.2692182492453067
-74.0159646849061659 4.2008998394967909 -0.1112207764230144 -1.9138275233048204
-3.1420492900939636 77.1152605177373829 -1.8826270996165424 -0.1727984274742292
-23.0113072519828492 -72.6516221713990974 1.8495191209730116 -0.5203229431863752
52.2353584468352708 51.6539265997198882 -1.3893295871348119 1.3299898106704071
-21.1843237922277048 -72.1415362500133739 1.8602475831062708 -0.4378102494415187
-70.6462782738993128 33.9683267076699948 -0.8166807663770466 -1.7185341065624924
-35.6750834628992736 -66.500749181055241 1.6415687645625162 -0.9984734533585318
-10.0864033246918847 75.5313421765325756 -1.9090477973355576 -0.1974827566009413
44.8447930745588722 60.3134008604813445 -1.4600122888363064 1.2605328994695686
64.8598694273881336 38.0086479259248407 -0.9053566183657794 1.7023358417409008
-25.1510265428857132 -69.897183818227191 1.8195612995039124 -0.6033436157096394
-36.1204317354877986 -69.8082213542226954 1.7163386619922738 -0.8429511939547032
71.9452975629578476 30.7863037209475508 -0.7623265715986566 1.7536981884144052
-19.7042668934677856 -71.7668839947491222 1.861382230272696 -0.4746353695745408
-4.5096726308677654 75.9651404192958494 -1.9313806225012728 -0.1764889936489056
-19.1503966123558591 70.9164944021871974 -1.855659125874925 -0.3694192732860806
-20.9335366679988474 -74.3441290922899185 1.870244004592473 -0.4225598524120573
-73.8519545497300102 19.5895554561032554 -0.4282896323139362 -1.898909347880342
-38.3178682078954296 -63.497467629465561 1.5608918775010362 -1.1234339159248117
57.5425447836392294 45.5885532458475708 -1.138063328629584 1.558706860371281
63.6512147938599924 38.0903131058698747 -1.0735514829530153 1.5628237221918918
62.4642762110168448 43.736942039795558 -1.0495978288834926 1.6274353829289478
-4.9482669003472016 74.9183130390313324 -1.9140831836641996 -0.102634656039462
61.1558147179251606 43.6789309311100454 -0.9816677224935514 1.630168845387307
-28.5149795066714092 -70.8249231081701396 1.8176044443607944 -0.6323542344411836
66.5462695131783732 37.0101867987237441 -0.9223515778380782 1.6874880232444036
5.0837154504774942 -72.7448426990287516 1.9294857153916944 0.0995540330790073
-4.0297325434988567 71.4182691296155241 -1.9349609981676992 -0.0486700996200923
-64.3622508094679802 36.8966479788747108 -0.9748307973344522 -1.629226104143069
-8.8278810216797706 73.5329872135255158 -1.8779681064450364 -0.2790791838853483
70.6940345127595578 22.7297542928370114 -0.7239246847182106 1.7794664549441308
-74.988741482699865 -10.9172286106417058 0.1583433382898324 -1.9216724677399616
-28.5633529622314414 -69.6811389770645776 1.7546557044622694 -0.7801638329593158
-27.11844192987828 73.532651669059689 -1.7941877929652358 -0.6287049699088422
67.9726283387600176 38.873654900867365 -0.9466148663619072 1.6462158848914004
-20.2171413676174972 71.2366333088206005 -1.9130303767144484 -0.3442427115989036
-71.6118884627221918 25.8997568289715154 -0.6559840904547748 -1.7567990066120876
-19.7595152623656496 -70.2695489169565804 1.853268237726419 -0.3975546803300003
-6.4898095106516926 76.9866588362550744 -1.8809884759745532 -0.2113883560685045
59.336656951254426 44.1879298919485137 -1.1088199239591092 1.5546219606946068
36.8174460129560828 62.1485797019299184 -1.6338083577389992 0.9602254063311818
-6.2386773284090103 73.6149950145965732 -1.9118979340995712 -0.0800195060460334
0.3851978180242543 78.3945978898338041 -1.9282768941769608 0.0067187778456243
63.0730950301234046 36.8980754991793348 -1.0324862748110153 1.6171443475818794
-15.6782411930671196 -76.4626246362660852 1.8753262169788852 -0.4974841194903654
61.0572000955854222 49.2181184399495351 -1.1595278515734309 1.52603416662736
-65.8315345806896346 41.629778084114875 -1.1282209158844752 -1.5617383950282144
-66.4416515011101865 24.4095259463018017 -0.6106476859238492 -1.8010218588870714
48.5538615120474334 60.1526354049136458 -1.4377969610438932 1.2611958239940167
56.4827020168452378 46.3161573278273053 -1.2603731472843518 1.4496091359232748
-0.4232391646246445 74.0789021109090697 -1.907540760756336 -0.0395506054480797
62.9363875185051996 44.8071058314435504 -1.0690340569383985 1.5844523448423216
-14.2078840322420526 77.1562059581018502 -1.899931591407905 -0.3093040180530784
60.2667810668038371 50.0126750254380354 -1.1296245765826525 1.5399256576641108
48.3323756531816571 59.0545604865428686 -1.4079899342963425 1.2484965459275504
42.8916412963947664 61.3845391040398383 -1.6013450319277268 1.0424230096566955
-37.6236245903575224 -66.5935972051021282 1.661349806944611 -0.9688638433803804
-28.7624429073644876 -66.4496527913205029 1.7385121611605888 -0.7704938867377594
-27.2232926189015601 -67.7625555758025798 1.7851031530863266 -0.7049002896729838
40.3676904083708195 66.0406386954422686 -1.6853378510825064 0.905072213150142
-17.8844933985479884 -76.4257647973492454 1.8993527851645864 -0.3551757241671329
-26.6245925562545374 71.4619070540596226 -1.800450752128809 -0.6784236900589778
-21.661930073180379 -70.7845668386955538 1.8488981711844024 -0.5072186084089584
-75.5378876609757414 -0.9954128332470716 -0.01181005749301 -1.9152340625189168
-77.3153417122343996 -4.0557158864192457 -0.0521152684186092 -1.9130900125910056
41.5939342597323858 59.4468875516662365 -1.5832192700216104 1.0838185515053442
-19.9945104106558488 -75.6944784844465346 1.8967715096681088 -0.3045911679063269
-72.9176161054616614 25.7666175461427188 -0.5862435281679144 -1.8288681357330336
-73.3060942829634144 -2.6074527766828366 0.0263762781828809 -1.920307838045912
71.8119637688448052 23.9576292127776256 -0.7995190243598264 1.7389082675062096
46.2272084041737088 63.3128566250228318 -1.4701060071406532 1.2160733383914164
53.726369705076877 50.0947751923028832 -1.3105318342262755 1.3886647655703761
-75.662642061541206 16.0037883230525537 -0.2957193995677853 -1.8884626502293824
-72.2148084216765369 -8.5180169358155808 0.1243334755548308 -1.9013185193793606
-77.285026020129223 5.9687615979470542 -0.1573184907398185 -1.9409007857275388
-63.6796438526088694 42.0253723369107348 -1.0810240652936305 -1.5723068253410056
-68.3858616740305934 35.923781797191097 -0.8826360174475592 -1.7021348575921596
-31.9987325799063776 -71.6668632176986194 1.7644413031677848 -0.7145136904432686
-32.6613050037134372 -67.9654995198925746 1.6880165929746572 -0.8497322730879424
-75.986841067436373 2.8332592767097502 -0.117572964268615 -1.8809533386091316
-7.5801618129833956 76.7453995183286396 -1.8831128625220664 -0.2687293957070489
-67.0094064280943087 25.810014644596464 -0.6211883533912672 -1.8086676370670432
-37.0096881324224114 -62.8931894441448592 1.5125023187223376 -1.14830750301172
-76.1801785885838712 5.0795844370797738 -0.179737544058042 -1.9237989186831864
-28.6204490774630678 -71.9383230951608254 1.8309419858798064 -0.619485007963983
-24.4785894787989626 72.1225934793677794 -1.8293807845051496 -0.4870999117033838
0.5117389726205764 73.4544940214468626 -1.9108711297905312 -0.0100012738053891
-9.8148122023492786 76.6308716470529562 -1.8792157138901774 -0.2696931735435479
-70.3459157348917614 31.9301706258297138 -0.8327014043376528 -1.7097645970508464
-34.3380834552489489 -64.5861292347589854 1.6424838229958714 -0.9594737658281986
55.891484742022314 52.5079016189445796 -1.3569673233260122 1.3613497560749244
6.7408069286236154 -77.3561505252544493 1.9343379211162716 0.24932528876509
-7.5215839429704126 77.8695795809503296 -1.8851969843077292 -0.2607625678672574
-23.008286540889511 71.4006613685019574 -1.8385968765159288 -0.5583981638529818
-74.8654902653150884 7.8166062765177564 -0.1295663726123461 -1.904285627471426
62.4814694672718858 41.8556429816532258 -1.0174444268432217 1.6109483577996826
-4.0061743140376054 73.8016025627822216 -1.922594683661456 -0.0580420212840246
36.4943253212516652 64.988514936384675 -1.674030674398588 0.9129025156171736
3.684457106031045 78.0654333938371536 -1.9220606824969544 0.019009866955065
-77.3148614228239097 -6.2747846788171362 0.0320680782374234 -1.918634410834524
61.939188829185703 36.7929925151746816 -1.0512325566639531 1.651266315612308
